 &plot nbnd=  16, nks=   101 /
            0.000000  0.000000  0.000000
  -20.678  -13.476   -9.733   -9.733   -0.157    1.396    1.396    1.442    1.658    2.401
    3.033    3.033    3.505    4.174    4.546    5.945
            0.005000  0.000000  0.000000
  -20.678  -13.476   -9.733   -9.733   -0.156    1.397    1.397    1.443    1.659    2.401
    3.033    3.033    3.506    4.175    4.547    5.946
            0.010000  0.000000  0.000000
  -20.677  -13.479   -9.731   -9.731   -0.155    1.398    1.398    1.444    1.661    2.403
    3.035    3.035    3.508    4.178    4.549    5.947
            0.015000  0.000000  0.000000
  -20.675  -13.482   -9.729   -9.729   -0.152    1.401    1.401    1.447    1.663    2.406
    3.038    3.038    3.510    4.182    4.551    5.950
            0.020000  0.000000  0.000000
  -20.673  -13.487   -9.725   -9.725   -0.148    1.405    1.405    1.451    1.667    2.410
    3.042    3.042    3.514    4.189    4.555    5.954
            0.025000  0.000000  0.000000
  -20.670  -13.493   -9.720   -9.720   -0.143    1.410    1.410    1.456    1.672    2.415
    3.047    3.047    3.519    4.197    4.561    5.959
            0.030000  0.000000  0.000000
  -20.666  -13.500   -9.714   -9.714   -0.137    1.416    1.416    1.463    1.678    2.421
    3.053    3.053    3.525    4.208    4.567    5.966
            0.035000  0.000000  0.000000
  -20.662  -13.509   -9.707   -9.707   -0.130    1.424    1.424    1.470    1.685    2.429
    3.060    3.060    3.532    4.220    4.574    5.973
            0.040000  0.000000  0.000000
  -20.657  -13.519   -9.699   -9.699   -0.122    1.432    1.432    1.479    1.693    2.437
    3.069    3.069    3.540    4.234    4.583    5.982
            0.045000  0.000000  0.000000
  -20.652  -13.531   -9.690   -9.690   -0.112    1.442    1.442    1.488    1.703    2.447
    3.079    3.079    3.550    4.249    4.593    5.991
            0.050000  0.000000  0.000000
  -20.646  -13.544   -9.679   -9.679   -0.102    1.453    1.453    1.499    1.713    2.458
    3.090    3.090    3.560    4.267    4.603    6.002
            0.055000  0.000000  0.000000
  -20.639  -13.558   -9.668   -9.668   -0.090    1.465    1.465    1.511    1.725    2.470
    3.101    3.101    3.572    4.286    4.615    6.014
            0.060000  0.000000  0.000000
  -20.632  -13.573   -9.656   -9.656   -0.078    1.478    1.478    1.524    1.737    2.483
    3.115    3.115    3.584    4.308    4.629    6.027
            0.065000  0.000000  0.000000
  -20.624  -13.590   -9.642   -9.642   -0.064    1.492    1.492    1.539    1.751    2.497
    3.129    3.129    3.598    4.330    4.643    6.042
            0.070000  0.000000  0.000000
  -20.615  -13.608   -9.628   -9.628   -0.049    1.507    1.507    1.554    1.766    2.513
    3.144    3.144    3.613    4.355    4.658    6.057
            0.075000  0.000000  0.000000
  -20.605  -13.628   -9.612   -9.612   -0.033    1.524    1.524    1.571    1.782    2.529
    3.161    3.161    3.629    4.381    4.675    6.077
            0.080000  0.000000  0.000000
  -20.595  -13.648   -9.595   -9.595   -0.016    1.542    1.542    1.588    1.799    2.547
    3.178    3.178    3.646    4.410    4.693    5.992
            0.085000  0.000000  0.000000
  -20.585  -13.670   -9.578   -9.578    0.002    1.560    1.560    1.607    1.817    2.566
    3.197    3.197    3.664    4.439    4.711    5.902
            0.090000  0.000000  0.000000
  -20.574  -13.693   -9.559   -9.559    0.022    1.580    1.580    1.627    1.836    2.586
    3.217    3.217    3.683    4.471    4.731    5.808
            0.095000  0.000000  0.000000
  -20.562  -13.717   -9.539   -9.539    0.042    1.601    1.601    1.648    1.856    2.607
    3.238    3.238    3.703    4.504    4.753    5.710
            0.100000  0.000000  0.000000
  -20.549  -13.742   -9.518   -9.518    0.064    1.623    1.623    1.671    1.878    2.629
    3.260    3.260    3.724    4.538    4.775    5.610
            0.105000  0.000000  0.000000
  -20.536  -13.769   -9.496   -9.496    0.086    1.647    1.647    1.694    1.900    2.653
    3.284    3.284    3.747    4.574    4.798    5.505
            0.110000  0.000000  0.000000
  -20.522  -13.797   -9.472   -9.472    0.110    1.671    1.671    1.719    1.924    2.677
    3.308    3.308    3.770    4.612    4.823    5.398
            0.115000  0.000000  0.000000
  -20.508  -13.825   -9.448   -9.448    0.135    1.697    1.697    1.744    1.948    2.703
    3.334    3.334    3.795    4.651    4.849    5.288
            0.120000  0.000000  0.000000
  -20.493  -13.855   -9.423   -9.423    0.160    1.723    1.723    1.771    1.974    2.730
    3.360    3.360    3.821    4.691    4.875    5.176
            0.125000  0.000000  0.000000
  -20.477  -13.886   -9.396   -9.396    0.187    1.751    1.751    1.799    2.001    2.758
    3.388    3.388    3.847    4.733    4.903    5.061
            0.130000  0.000000  0.000000
  -20.461  -13.918   -9.369   -9.369    0.215    1.780    1.780    1.828    2.029    2.787
    3.417    3.417    3.875    4.777    4.933    4.944
            0.135000  0.000000  0.000000
  -20.444  -13.951   -9.340   -9.340    0.245    1.810    1.810    1.859    2.058    2.817
    3.447    3.447    3.904    4.821    4.824    4.824
            0.140000  0.000000  0.000000
  -20.426  -13.986   -9.311   -9.311    0.275    1.841    1.841    1.890    2.088    2.849
    3.479    3.479    3.934    4.703    4.703    4.867
            0.145000  0.000000  0.000000
  -20.408  -14.021   -9.280   -9.280    0.306    1.874    1.874    1.923    2.119    2.881
    3.511    3.511    3.966    4.580    4.580    4.914
            0.150000  0.000000  0.000000
  -20.389  -14.057   -9.248   -9.248    0.339    1.907    1.907    1.956    2.151    2.915
    3.545    3.545    3.998    4.455    4.455    4.963
            0.155000  0.000000  0.000000
  -20.370  -14.094   -9.216   -9.216    0.372    1.942    1.942    1.991    2.185    2.950
    3.579    3.579    4.031    4.329    4.329    5.012
            0.160000  0.000000  0.000000
  -20.350  -14.132   -9.182   -9.182    0.407    1.978    1.978    2.027    2.219    2.986
    3.615    3.615    4.066    4.202    4.202    5.063
            0.165000  0.000000  0.000000
  -20.329  -14.171   -9.147   -9.147    0.442    2.015    2.015    2.064    2.255    3.023
    3.652    3.652    4.073    4.073    4.101    5.114
            0.170000  0.000000  0.000000
  -20.308  -14.210   -9.111   -9.111    0.479    2.053    2.053    2.103    2.291    3.061
    3.689    3.689    3.944    3.944    4.138    5.167
            0.175000  0.000000  0.000000
  -20.286  -14.251   -9.073   -9.073    0.517    2.092    2.092    2.142    2.329    3.101
    3.725    3.725    3.816    3.816    4.175    5.220
            0.180000  0.000000  0.000000
  -20.263  -14.292   -9.035   -9.035    0.556    2.132    2.132    2.183    2.368    3.141
    3.674    3.674    3.775    3.775    4.214    5.275
            0.185000  0.000000  0.000000
  -20.240  -14.335   -8.996   -8.996    0.596    2.174    2.174    2.224    2.408    3.183
    3.544    3.544    3.814    3.814    4.254    5.330
            0.190000  0.000000  0.000000
  -20.216  -14.378   -8.956   -8.956    0.637    2.216    2.216    2.267    2.448    3.226
    3.411    3.411    3.856    3.856    4.295    5.371
            0.195000  0.000000  0.000000
  -20.192  -14.421   -8.914   -8.914    0.679    2.260    2.260    2.311    2.491    3.270
    3.277    3.278    3.899    3.899    4.337    5.415
            0.200000  0.000000  0.000000
  -20.167  -14.466   -8.872   -8.872    0.723    2.304    2.304    2.356    2.534    3.143
    3.143    3.315    3.944    3.944    4.380    5.460
            0.205000  0.000000  0.000000
  -20.142  -14.511   -8.828   -8.828    0.767    2.350    2.350    2.402    2.578    3.008
    3.008    3.361    3.990    3.990    4.424    5.507
            0.210000  0.000000  0.000000
  -20.116  -14.557   -8.784   -8.784    0.813    2.397    2.397    2.450    2.623    2.873
    2.873    3.409    4.037    4.037    4.470    5.554
            0.215000  0.000000  0.000000
  -20.089  -14.604   -8.738   -8.738    0.859    2.444    2.444    2.498    2.669    2.738
    2.738    3.457    4.086    4.086    4.516    5.603
            0.220000  0.000000  0.000000
  -20.062  -14.651   -8.691   -8.691    0.907    2.488    2.488    2.548    2.607    2.607
    2.717    3.507    4.135    4.135    4.563    5.652
            0.225000  0.000000  0.000000
  -20.034  -14.699   -8.644   -8.644    0.955    2.452    2.452    2.557    2.557    2.599
    2.765    3.558    4.186    4.186    4.612    5.703
            0.230000  0.000000  0.000000
  -20.005  -14.747   -8.595   -8.595    1.005    2.321    2.321    2.602    2.602    2.651
    2.815    3.610    4.238    4.238    4.661    5.755
            0.235000  0.000000  0.000000
  -19.976  -14.796   -8.545   -8.545    1.056    2.186    2.186    2.654    2.654    2.704
    2.865    3.663    4.291    4.291    4.712    5.808
            0.240000  0.000000  0.000000
  -19.947  -14.846   -8.494   -8.494    1.108    2.049    2.049    2.707    2.707    2.758
    2.917    3.717    4.345    4.345    4.764    5.862
            0.245000  0.000000  0.000000
  -19.916  -14.896   -8.442   -8.442    1.161    1.913    1.913    2.762    2.762    2.814
    2.970    3.773    4.400    4.400    4.816    5.918
            0.250000  0.000000  0.000000
  -19.886  -14.946   -8.389   -8.389    1.215    1.776    1.776    2.818    2.818    2.870
    3.023    3.829    4.456    4.456    4.870    5.974
            0.255000  0.000000  0.000000
  -19.854  -14.997   -8.335   -8.335    1.270    1.639    1.639    2.875    2.875    2.928
    3.078    3.887    4.514    4.514    4.925    6.032
            0.260000  0.000000  0.000000
  -19.822  -15.049   -8.280   -8.280    1.326    1.502    1.502    2.933    2.933    2.987
    3.134    3.946    4.572    4.572    4.981    6.091
            0.265000  0.000000  0.000000
  -19.790  -15.101   -8.223   -8.223    1.366    1.366    1.383    2.993    2.993    3.047
    3.191    4.006    4.632    4.632    5.038    6.151
            0.270000  0.000000  0.000000
  -19.757  -15.153   -8.166   -8.166    1.230    1.230    1.441    3.054    3.054    3.108
    3.249    4.067    4.693    4.693    5.096    6.212
            0.275000  0.000000  0.000000
  -19.723  -15.206   -8.108   -8.108    1.093    1.093    1.501    3.116    3.116    3.170
    3.308    4.129    4.755    4.755    5.155    6.274
            0.280000  0.000000  0.000000
  -19.689  -15.259   -8.049   -8.049    0.958    0.958    1.561    3.179    3.179    3.234
    3.368    4.192    4.818    4.818    5.215    6.338
            0.285000  0.000000  0.000000
  -19.654  -15.313   -7.988   -7.988    0.822    0.822    1.622    3.243    3.243    3.298
    3.429    4.257    4.882    4.882    5.276    6.402
            0.290000  0.000000  0.000000
  -19.619  -15.367   -7.927   -7.927    0.687    0.687    1.685    3.308    3.308    3.364
    3.491    4.323    4.948    4.948    5.338    6.468
            0.295000  0.000000  0.000000
  -19.584  -15.421   -7.864   -7.864    0.552    0.552    1.748    3.374    3.374    3.431
    3.555    4.390    5.014    5.014    5.402    6.535
            0.300000  0.000000  0.000000
  -19.547  -15.475   -7.801   -7.801    0.418    0.418    1.813    3.442    3.442    3.499
    3.619    4.457    5.082    5.082    5.466    6.603
            0.305000  0.000000  0.000000
  -19.510  -15.530   -7.736   -7.736    0.284    0.284    1.878    3.511    3.511    3.568
    3.684    4.527    5.151    5.151    5.531    6.653
            0.310000  0.000000  0.000000
  -19.473  -15.585   -7.670   -7.670    0.151    0.151    1.945    3.580    3.580    3.638
    3.750    4.597    5.221    5.221    5.598    6.694
            0.315000  0.000000  0.000000
  -19.435  -15.640   -7.604   -7.604    0.018    0.018    2.012    3.651    3.651    3.710
    3.818    4.668    5.292    5.292    5.665    6.731
            0.320000  0.000000  0.000000
  -19.397  -15.696   -7.536   -7.536   -0.115   -0.115    2.081    3.723    3.723    3.782
    3.886    4.741    5.364    5.364    5.733    6.766
            0.325000  0.000000  0.000000
  -19.358  -15.751   -7.467   -7.467   -0.247   -0.247    2.150    3.797    3.797    3.856
    3.955    4.815    5.438    5.438    5.803    6.797
            0.330000  0.000000  0.000000
  -19.319  -15.807   -7.398   -7.398   -0.378   -0.378    2.221    3.871    3.871    3.931
    4.025    4.889    5.512    5.512    5.873    6.825
            0.335000  0.000000  0.000000
  -19.279  -15.863   -7.327   -7.327   -0.509   -0.509    2.292    3.947    3.947    4.007
    4.097    4.965    5.588    5.588    5.944    6.848
            0.340000  0.000000  0.000000
  -19.238  -15.919   -7.255   -7.255   -0.639   -0.639    2.365    4.023    4.023    4.084
    4.169    5.042    5.665    5.665    6.017    6.868
            0.345000  0.000000  0.000000
  -19.197  -15.976   -7.182   -7.182   -0.768   -0.768    2.438    4.101    4.101    4.162
    4.242    5.121    5.743    5.743    6.090    6.883
            0.350000  0.000000  0.000000
  -19.156  -16.032   -7.108   -7.108   -0.897   -0.897    2.513    4.180    4.180    4.241
    4.317    5.200    5.822    5.822    6.164    6.893
            0.355000  0.000000  0.000000
  -19.114  -16.089   -7.033   -7.033   -1.026   -1.026    2.588    4.260    4.260    4.322
    4.392    5.281    5.902    5.902    6.239    6.899
            0.360000  0.000000  0.000000
  -19.072  -16.145   -6.957   -6.957   -1.153   -1.153    2.664    4.341    4.341    4.404
    4.468    5.362    5.983    5.983    6.315    6.900
            0.365000  0.000000  0.000000
  -19.029  -16.202   -6.881   -6.881   -1.280   -1.280    2.742    4.423    4.423    4.487
    4.545    5.445    6.066    6.066    6.392    6.895
            0.370000  0.000000  0.000000
  -18.986  -16.259   -6.803   -6.803   -1.406   -1.406    2.820    4.507    4.507    4.571
    4.623    5.529    6.149    6.149    6.469    6.885
            0.375000  0.000000  0.000000
  -18.942  -16.315   -6.724   -6.724   -1.532   -1.532    2.899    4.591    4.591    4.656
    4.703    5.614    6.234    6.234    6.546    6.871
            0.380000  0.000000  0.000000
  -18.898  -16.372   -6.644   -6.644   -1.656   -1.656    2.979    4.677    4.677    4.742
    4.783    5.701    6.320    6.320    6.623    6.853
            0.385000  0.000000  0.000000
  -18.853  -16.429   -6.563   -6.563   -1.780   -1.780    3.060    4.764    4.764    4.829
    4.863    5.788    6.407    6.407    6.693    6.836
            0.390000  0.000000  0.000000
  -18.808  -16.486   -6.481   -6.481   -1.904   -1.904    3.142    4.852    4.852    4.918
    4.945    5.877    6.495    6.495    6.735    6.843
            0.395000  0.000000  0.000000
  -18.763  -16.542   -6.398   -6.398   -2.026   -2.026    3.225    4.941    4.941    5.008
    5.028    5.966    6.584    6.584    6.723    6.900
            0.400000  0.000000  0.000000
  -18.717  -16.599   -6.314   -6.314   -2.147   -2.147    3.308    5.031    5.031    5.098
    5.112    6.057    6.675    6.675    6.686    6.976
            0.405000  0.000000  0.000000
  -18.671  -16.655   -6.229   -6.229   -2.268   -2.268    3.393    5.122    5.122    5.190
    5.196    6.149    6.640    6.766    6.766    7.058
            0.410000  0.000000  0.000000
  -18.624  -16.712   -6.143   -6.143   -2.388   -2.388    3.478    5.215    5.215    5.281
    5.284    6.242    6.588    6.859    6.859    7.142
            0.415000  0.000000  0.000000
  -18.577  -16.768   -6.057   -6.057   -2.507   -2.507    3.564    5.308    5.308    5.367
    5.378    6.336    6.530    6.953    6.953    7.228
            0.420000  0.000000  0.000000
  -18.529  -16.825   -5.969   -5.969   -2.626   -2.626    3.651    5.403    5.403    5.454
    5.473    6.432    6.468    7.048    7.048    7.314
            0.425000  0.000000  0.000000
  -18.481  -16.881   -5.880   -5.880   -2.743   -2.743    3.738    5.499    5.499    5.542
    5.570    6.402    6.528    7.144    7.144    7.402
            0.430000  0.000000  0.000000
  -18.433  -16.937   -5.791   -5.791   -2.859   -2.859    3.826    5.596    5.596    5.630
    5.667    6.332    6.626    7.241    7.241    7.491
            0.435000  0.000000  0.000000
  -18.385  -16.993   -5.700   -5.700   -2.975   -2.975    3.915    5.694    5.694    5.719
    5.766    6.259    6.725    7.339    7.339    7.580
            0.440000  0.000000  0.000000
  -18.336  -17.048   -5.609   -5.609   -3.089   -3.089    4.005    5.793    5.793    5.807
    5.866    6.184    6.825    7.439    7.439    7.670
            0.445000  0.000000  0.000000
  -18.287  -17.104   -5.517   -5.517   -3.203   -3.203    4.095    5.893    5.893    5.894
    5.967    6.109    6.926    7.539    7.539    7.760
            0.450000  0.000000  0.000000
  -18.237  -17.159   -5.424   -5.424   -3.315   -3.315    4.185    5.959    5.995    5.995
    6.053    6.070    7.028    7.641    7.641    7.844
            0.455000  0.000000  0.000000
  -18.188  -17.213   -5.330   -5.330   -3.427   -3.427    4.277    5.920    6.097    6.097
    6.101    6.173    7.132    7.744    7.744    7.834
            0.460000  0.000000  0.000000
  -18.138  -17.268   -5.236   -5.236   -3.537   -3.537    4.368    5.840    6.188    6.201
    6.201    6.278    7.236    7.740    7.847    7.847
            0.465000  0.000000  0.000000
  -18.088  -17.322   -5.141   -5.141   -3.645   -3.645    4.460    5.755    6.279    6.306
    6.306    6.383    7.342    7.642    7.889    7.889
            0.470000  0.000000  0.000000
  -18.038  -17.375   -5.046   -5.046   -3.752   -3.752    4.553    5.667    6.373    6.412
    6.412    6.490    7.449    7.543    7.770    7.770
            0.475000  0.000000  0.000000
  -17.988  -17.428   -4.952   -4.952   -3.857   -3.857    4.645    5.578    6.467    6.519
    6.519    6.598    7.444    7.557    7.651    7.651
            0.480000  0.000000  0.000000
  -17.939  -17.479   -4.858   -4.858   -3.959   -3.959    4.738    5.488    6.562    6.627
    6.627    6.707    7.346    7.533    7.533    7.621
            0.485000  0.000000  0.000000
  -17.892  -17.529   -4.767   -4.767   -4.057   -4.057    4.830    5.397    6.657    6.736
    6.736    6.817    7.247    7.416    7.416    7.503
            0.490000  0.000000  0.000000
  -17.848  -17.574   -4.682   -4.682   -4.147   -4.147    4.922    5.307    6.753    6.846
    6.846    6.929    7.150    7.300    7.300    7.386
            0.495000  0.000000  0.000000
  -17.812  -17.611   -4.614   -4.614   -4.218   -4.218    5.010    5.219    6.846    6.957
    6.957    7.041    7.055    7.185    7.185    7.270
            0.500000  0.000000  0.000000
  -17.797  -17.626   -4.584   -4.584   -4.248   -4.248    5.067    5.162    6.914    6.986
    7.057    7.057    7.084    7.084    7.151    7.159
