 &plot nbnd=   6, nks= 101 /
            0.000000  0.000000 -0.500000
   86.6004   86.6004  258.6887  501.4758  501.4758 1909.4821
            0.000000  0.000000 -0.490000
   85.9266   85.9266  253.5186  501.4923  501.4923 1905.6142
            0.000000  0.000000 -0.480000
   85.1924   85.1924  248.3483  501.5035  501.5035 1901.7740
            0.000000  0.000000 -0.470000
   84.3987   84.3987  243.1779  501.5096  501.5096 1897.9640
            0.000000  0.000000 -0.460000
   83.5464   83.5464  238.0072  501.5107  501.5107 1894.1866
            0.000000  0.000000 -0.450000
   82.6364   82.6364  232.8362  501.5070  501.5070 1890.4440
            0.000000  0.000000 -0.440000
   81.6696   81.6696  227.6651  501.4988  501.4988 1886.7388
            0.000000  0.000000 -0.430000
   80.6470   80.6470  222.4938  501.4861  501.4861 1883.0733
            0.000000  0.000000 -0.420000
   79.5696   79.5696  217.3223  501.4693  501.4693 1879.4499
            0.000000  0.000000 -0.410000
   78.4383   78.4383  212.1506  501.4484  501.4484 1875.8711
            0.000000  0.000000 -0.400000
   77.2541   77.2541  206.9788  501.4238  501.4238 1872.3393
            0.000000  0.000000 -0.390000
   76.0180   76.0180  201.8067  501.3957  501.3957 1868.8568
            0.000000  0.000000 -0.380000
   74.7312   74.7312  196.6344  501.3641  501.3641 1865.4260
            0.000000  0.000000 -0.370000
   73.3946   73.3946  191.4620  501.3295  501.3295 1862.0494
            0.000000  0.000000 -0.360000
   72.0093   72.0093  186.2894  501.2920  501.2920 1858.7293
            0.000000  0.000000 -0.350000
   70.5764   70.5764  181.1166  501.2519  501.2519 1855.4681
            0.000000  0.000000 -0.340000
   69.0970   69.0970  175.9437  501.2094  501.2094 1852.2680
            0.000000  0.000000 -0.330000
   67.5723   67.5723  170.7706  501.1647  501.1647 1849.1315
            0.000000  0.000000 -0.320000
   66.0033   66.0033  165.5973  501.1181  501.1181 1846.0607
            0.000000  0.000000 -0.310000
   64.3913   64.3913  160.4239  501.0698  501.0698 1843.0580
            0.000000  0.000000 -0.300000
   62.7374   62.7374  155.2503  501.0200  501.0200 1840.1255
            0.000000  0.000000 -0.290000
   61.0428   61.0428  150.0766  500.9691  500.9691 1837.2656
            0.000000  0.000000 -0.280000
   59.3087   59.3087  144.9027  500.9172  500.9172 1834.4802
            0.000000  0.000000 -0.270000
   57.5363   57.5363  139.7288  500.8646  500.8646 1831.7715
            0.000000  0.000000 -0.260000
   55.7269   55.7269  134.5547  500.8115  500.8115 1829.1417
            0.000000  0.000000 -0.250000
   53.8816   53.8816  129.3804  500.7582  500.7582 1826.5927
            0.000000  0.000000 -0.240000
   52.0019   52.0019  124.2061  500.7049  500.7049 1824.1266
            0.000000  0.000000 -0.230000
   50.0889   50.0889  119.0316  500.6518  500.6518 1821.7451
            0.000000  0.000000 -0.220000
   48.1439   48.1439  113.8570  500.5991  500.5991 1819.4503
            0.000000  0.000000 -0.210000
   46.1682   46.1682  108.6824  500.5471  500.5471 1817.2440
            0.000000  0.000000 -0.200000
   44.1632   44.1632  103.5076  500.4960  500.4960 1815.1278
            0.000000  0.000000 -0.190000
   42.1302   42.1302   98.3328  500.4459  500.4459 1813.1036
            0.000000  0.000000 -0.180000
   40.0704   40.0704   93.1578  500.3971  500.3971 1811.1729
            0.000000  0.000000 -0.170000
   37.9853   37.9853   87.9828  500.3498  500.3498 1809.3372
            0.000000  0.000000 -0.160000
   35.8762   35.8762   82.8077  500.3041  500.3041 1807.5982
            0.000000  0.000000 -0.150000
   33.7444   33.7444   77.6326  500.2603  500.2603 1805.9572
            0.000000  0.000000 -0.140000
   31.5914   31.5914   72.4573  500.2185  500.2185 1804.4155
            0.000000  0.000000 -0.130000
   29.4184   29.4184   67.2821  500.1788  500.1788 1802.9745
            0.000000  0.000000 -0.120000
   27.2270   27.2270   62.1067  500.1414  500.1414 1801.6354
            0.000000  0.000000 -0.110000
   25.0184   25.0184   56.9313  500.1065  500.1065 1800.3991
            0.000000  0.000000 -0.100000
   22.7942   22.7942   51.7559  500.0742  500.0742 1799.2669
            0.000000  0.000000 -0.090000
   20.5556   20.5556   46.5804  500.0446  500.0446 1798.2396
            0.000000  0.000000 -0.080000
   18.3042   18.3042   41.4049  500.0178  500.0178 1797.3181
            0.000000  0.000000 -0.070000
   16.0413   16.0413   36.2294  499.9939  499.9939 1796.5031
            0.000000  0.000000 -0.060000
   13.7684   13.7684   31.0538  499.9730  499.9730 1795.7954
            0.000000  0.000000 -0.050000
   11.4868   11.4868   25.8782  499.9552  499.9552 1795.1956
            0.000000  0.000000 -0.040000
    9.1981    9.1981   20.7026  499.9406  499.9406 1794.7041
            0.000000  0.000000 -0.030000
    6.9036    6.9036   15.5269  499.9291  499.9291 1794.3214
            0.000000  0.000000 -0.020000
    4.6048    4.6048   10.3513  499.9209  499.9209 1794.0478
            0.000000  0.000000 -0.010000
    2.3031    2.3031    5.1757  499.9160  499.9160 1793.8836
            0.000000  0.000000  0.000000
   -0.0000   -0.0000    0.0000  499.9143  499.9143 1793.8288
            0.000000  0.000000  0.010000
    2.3031    2.3031    5.1757  499.9160  499.9160 1793.8836
            0.000000  0.000000  0.020000
    4.6048    4.6048   10.3513  499.9209  499.9209 1794.0478
            0.000000  0.000000  0.030000
    6.9036    6.9036   15.5269  499.9291  499.9291 1794.3214
            0.000000  0.000000  0.040000
    9.1981    9.1981   20.7026  499.9406  499.9406 1794.7041
            0.000000  0.000000  0.050000
   11.4868   11.4868   25.8782  499.9552  499.9552 1795.1956
            0.000000  0.000000  0.060000
   13.7684   13.7684   31.0538  499.9730  499.9730 1795.7954
            0.000000  0.000000  0.070000
   16.0413   16.0413   36.2294  499.9939  499.9939 1796.5031
            0.000000  0.000000  0.080000
   18.3042   18.3042   41.4049  500.0178  500.0178 1797.3181
            0.000000  0.000000  0.090000
   20.5556   20.5556   46.5804  500.0446  500.0446 1798.2396
            0.000000  0.000000  0.100000
   22.7942   22.7942   51.7559  500.0742  500.0742 1799.2669
            0.000000  0.000000  0.110000
   25.0184   25.0184   56.9313  500.1065  500.1065 1800.3991
            0.000000  0.000000  0.120000
   27.2270   27.2270   62.1067  500.1414  500.1414 1801.6354
            0.000000  0.000000  0.130000
   29.4184   29.4184   67.2821  500.1788  500.1788 1802.9745
            0.000000  0.000000  0.140000
   31.5914   31.5914   72.4573  500.2185  500.2185 1804.4155
            0.000000  0.000000  0.150000
   33.7444   33.7444   77.6326  500.2603  500.2603 1805.9572
            0.000000  0.000000  0.160000
   35.8762   35.8762   82.8077  500.3041  500.3041 1807.5982
            0.000000  0.000000  0.170000
   37.9853   37.9853   87.9828  500.3498  500.3498 1809.3372
            0.000000  0.000000  0.180000
   40.0704   40.0704   93.1578  500.3971  500.3971 1811.1729
            0.000000  0.000000  0.190000
   42.1302   42.1302   98.3328  500.4459  500.4459 1813.1036
            0.000000  0.000000  0.200000
   44.1632   44.1632  103.5076  500.4960  500.4960 1815.1278
            0.000000  0.000000  0.210000
   46.1682   46.1682  108.6824  500.5471  500.5471 1817.2440
            0.000000  0.000000  0.220000
   48.1439   48.1439  113.8570  500.5991  500.5991 1819.4503
            0.000000  0.000000  0.230000
   50.0889   50.0889  119.0316  500.6518  500.6518 1821.7451
            0.000000  0.000000  0.240000
   52.0019   52.0019  124.2061  500.7049  500.7049 1824.1266
            0.000000  0.000000  0.250000
   53.8816   53.8816  129.3804  500.7582  500.7582 1826.5927
            0.000000  0.000000  0.260000
   55.7269   55.7269  134.5547  500.8115  500.8115 1829.1417
            0.000000  0.000000  0.270000
   57.5363   57.5363  139.7288  500.8646  500.8646 1831.7715
            0.000000  0.000000  0.280000
   59.3087   59.3087  144.9027  500.9172  500.9172 1834.4802
            0.000000  0.000000  0.290000
   61.0428   61.0428  150.0766  500.9691  500.9691 1837.2656
            0.000000  0.000000  0.300000
   62.7374   62.7374  155.2503  501.0200  501.0200 1840.1255
            0.000000  0.000000  0.310000
   64.3913   64.3913  160.4239  501.0698  501.0698 1843.0580
            0.000000  0.000000  0.320000
   66.0033   66.0033  165.5973  501.1181  501.1181 1846.0607
            0.000000  0.000000  0.330000
   67.5723   67.5723  170.7706  501.1647  501.1647 1849.1315
            0.000000  0.000000  0.340000
   69.0970   69.0970  175.9437  501.2094  501.2094 1852.2680
            0.000000  0.000000  0.350000
   70.5764   70.5764  181.1166  501.2519  501.2519 1855.4681
            0.000000  0.000000  0.360000
   72.0093   72.0093  186.2894  501.2920  501.2920 1858.7293
            0.000000  0.000000  0.370000
   73.3946   73.3946  191.4620  501.3295  501.3295 1862.0494
            0.000000  0.000000  0.380000
   74.7312   74.7312  196.6344  501.3641  501.3641 1865.4260
            0.000000  0.000000  0.390000
   76.0180   76.0180  201.8067  501.3957  501.3957 1868.8568
            0.000000  0.000000  0.400000
   77.2541   77.2541  206.9788  501.4238  501.4238 1872.3393
            0.000000  0.000000  0.410000
   78.4383   78.4383  212.1506  501.4484  501.4484 1875.8711
            0.000000  0.000000  0.420000
   79.5696   79.5696  217.3223  501.4693  501.4693 1879.4499
            0.000000  0.000000  0.430000
   80.6470   80.6470  222.4938  501.4861  501.4861 1883.0733
            0.000000  0.000000  0.440000
   81.6696   81.6696  227.6651  501.4988  501.4988 1886.7388
            0.000000  0.000000  0.450000
   82.6364   82.6364  232.8362  501.5070  501.5070 1890.4440
            0.000000  0.000000  0.460000
   83.5464   83.5464  238.0072  501.5107  501.5107 1894.1866
            0.000000  0.000000  0.470000
   84.3987   84.3987  243.1779  501.5096  501.5096 1897.9640
            0.000000  0.000000  0.480000
   85.1924   85.1924  248.3483  501.5035  501.5035 1901.7740
            0.000000  0.000000  0.490000
   85.9266   85.9266  253.5186  501.4923  501.4923 1905.6142
            0.000000  0.000000  0.500000
   86.6004   86.6004  258.6887  501.4758  501.4758 1909.4821
