 &plot nbnd=   8, nks=   201 /
            0.000000  0.000000 -3.897138
  -18.425  -18.159   -5.262   -5.262   -4.738   -4.738    4.557    4.732
            0.000000  0.000000 -3.858167
  -18.435  -18.149   -5.282   -5.282   -4.718   -4.718    4.519    4.769
            0.000000  0.000000 -3.819196
  -18.462  -18.121   -5.333   -5.333   -4.663   -4.663    4.446    4.841
            0.000000  0.000000 -3.780224
  -18.499  -18.083   -5.404   -5.404   -4.588   -4.588    4.362    4.922
            0.000000  0.000000 -3.741253
  -18.541  -18.038   -5.485   -5.485   -4.501   -4.501    4.276    5.005
            0.000000  0.000000 -3.702281
  -18.586  -17.991   -5.571   -5.571   -4.406   -4.406    4.189    5.086
            0.000000  0.000000 -3.663310
  -18.633  -17.941   -5.661   -5.661   -4.306   -4.306    4.101    5.087
            0.000000  0.000000 -3.624339
  -18.681  -17.889   -5.752   -5.752   -4.203   -4.203    4.012    4.985
            0.000000  0.000000 -3.585367
  -18.730  -17.837   -5.843   -5.843   -4.097   -4.097    3.924    4.881
            0.000000  0.000000 -3.546396
  -18.778  -17.783   -5.935   -5.935   -3.990   -3.990    3.836    4.778
            0.000000  0.000000 -3.507424
  -18.827  -17.730   -6.027   -6.027   -3.880   -3.880    3.748    4.675
            0.000000  0.000000 -3.468453
  -18.876  -17.675   -6.118   -6.118   -3.770   -3.770    3.661    4.574
            0.000000  0.000000 -3.429482
  -18.924  -17.621   -6.209   -6.209   -3.658   -3.658    3.573    4.474
            0.000000  0.000000 -3.390510
  -18.972  -17.566   -6.299   -6.299   -3.544   -3.544    3.487    4.375
            0.000000  0.000000 -3.351539
  -19.020  -17.510   -6.388   -6.388   -3.430   -3.430    3.401    4.278
            0.000000  0.000000 -3.312568
  -19.068  -17.455   -6.477   -6.477   -3.314   -3.314    3.315    4.181
            0.000000  0.000000 -3.273596
  -19.116  -17.399   -6.564   -6.564   -3.198   -3.198    3.230    4.085
            0.000000  0.000000 -3.234625
  -19.163  -17.343   -6.651   -6.651   -3.080   -3.080    3.146    3.991
            0.000000  0.000000 -3.195653
  -19.209  -17.287   -6.738   -6.738   -2.962   -2.962    3.062    3.897
            0.000000  0.000000 -3.156682
  -19.256  -17.231   -6.823   -6.823   -2.843   -2.843    2.979    3.805
            0.000000  0.000000 -3.117711
  -19.302  -17.174   -6.907   -6.907   -2.722   -2.722    2.897    3.714
            0.000000  0.000000 -3.078739
  -19.348  -17.118   -6.991   -6.991   -2.601   -2.601    2.815    3.624
            0.000000  0.000000 -3.039768
  -19.393  -17.062   -7.073   -7.073   -2.479   -2.479    2.734    3.535
            0.000000  0.000000 -3.000796
  -19.438  -17.005   -7.155   -7.155   -2.357   -2.357    2.654    3.447
            0.000000  0.000000 -2.961825
  -19.482  -16.948   -7.235   -7.235   -2.233   -2.233    2.575    3.361
            0.000000  0.000000 -2.922854
  -19.526  -16.892   -7.315   -7.315   -2.109   -2.109    2.497    3.275
            0.000000  0.000000 -2.883882
  -19.570  -16.835   -7.393   -7.393   -1.984   -1.984    2.419    3.191
            0.000000  0.000000 -2.844911
  -19.613  -16.779   -7.471   -7.471   -1.858   -1.858    2.343    3.107
            0.000000  0.000000 -2.805940
  -19.656  -16.722   -7.548   -7.548   -1.731   -1.731    2.267    3.025
            0.000000  0.000000 -2.766968
  -19.698  -16.666   -7.623   -7.623   -1.604   -1.604    2.192    2.944
            0.000000  0.000000 -2.727997
  -19.739  -16.609   -7.698   -7.698   -1.476   -1.476    2.118    2.864
            0.000000  0.000000 -2.689025
  -19.781  -16.553   -7.771   -7.771   -1.347   -1.347    2.045    2.786
            0.000000  0.000000 -2.650054
  -19.822  -16.497   -7.844   -7.844   -1.218   -1.218    1.973    2.708
            0.000000  0.000000 -2.611083
  -19.862  -16.441   -7.916   -7.916   -1.088   -1.088    1.902    2.631
            0.000000  0.000000 -2.572111
  -19.902  -16.385   -7.986   -7.986   -0.957   -0.957    1.831    2.556
            0.000000  0.000000 -2.533140
  -19.941  -16.329   -8.056   -8.056   -0.826   -0.826    1.762    2.482
            0.000000  0.000000 -2.494169
  -19.980  -16.274   -8.124   -8.124   -0.695   -0.695    1.694    2.409
            0.000000  0.000000 -2.455197
  -20.018  -16.218   -8.192   -8.192   -0.562   -0.562    1.626    2.337
            0.000000  0.000000 -2.416226
  -20.056  -16.163   -8.259   -8.259   -0.430   -0.430    1.560    2.266
            0.000000  0.000000 -2.377254
  -20.093  -16.108   -8.324   -8.324   -0.296   -0.296    1.494    2.196
            0.000000  0.000000 -2.338283
  -20.130  -16.053   -8.388   -8.388   -0.163   -0.163    1.430    2.128
            0.000000  0.000000 -2.299312
  -20.166  -15.999   -8.452   -8.452   -0.028   -0.028    1.366    2.060
            0.000000  0.000000 -2.260340
  -20.202  -15.945   -8.514   -8.514    0.106    0.106    1.304    1.994
            0.000000  0.000000 -2.221369
  -20.237  -15.891   -8.576   -8.576    0.241    0.241    1.242    1.929
            0.000000  0.000000 -2.182397
  -20.272  -15.838   -8.636   -8.636    0.376    0.376    1.182    1.864
            0.000000  0.000000 -2.143426
  -20.306  -15.784   -8.695   -8.695    0.512    0.512    1.122    1.802
            0.000000  0.000000 -2.104455
  -20.339  -15.732   -8.753   -8.753    0.648    0.648    1.064    1.740
            0.000000  0.000000 -2.065483
  -20.372  -15.679   -8.811   -8.811    0.784    0.784    1.007    1.679
            0.000000  0.000000 -2.026512
  -20.405  -15.627   -8.867   -8.867    0.920    0.920    0.950    1.620
            0.000000  0.000000 -1.987541
  -20.436  -15.576   -8.922   -8.922    0.895    1.056    1.056    1.561
            0.000000  0.000000 -1.948569
  -20.468  -15.525   -8.976   -8.976    0.840    1.192    1.192    1.504
            0.000000  0.000000 -1.909598
  -20.498  -15.474   -9.029   -9.029    0.787    1.327    1.327    1.448
            0.000000  0.000000 -1.870626
  -20.529  -15.424   -9.081   -9.081    0.735    1.393    1.452    1.452
            0.000000  0.000000 -1.831655
  -20.558  -15.375   -9.132   -9.132    0.684    1.339    1.441    1.441
            0.000000  0.000000 -1.792684
  -20.587  -15.326   -9.181   -9.181    0.634    1.286    1.391    1.391
            0.000000  0.000000 -1.753712
  -20.616  -15.277   -9.230   -9.230    0.584    1.234    1.340    1.340
            0.000000  0.000000 -1.714741
  -20.644  -15.230   -9.278   -9.278    0.536    1.184    1.289    1.289
            0.000000  0.000000 -1.675769
  -20.671  -15.182   -9.324   -9.324    0.489    1.135    1.240    1.240
            0.000000  0.000000 -1.636798
  -20.697  -15.136   -9.370   -9.370    0.443    1.086    1.192    1.192
            0.000000  0.000000 -1.597827
  -20.724  -15.090   -9.415   -9.415    0.398    1.039    1.144    1.144
            0.000000  0.000000 -1.558855
  -20.749  -15.045   -9.458   -9.458    0.355    0.993    1.098    1.098
            0.000000  0.000000 -1.519884
  -20.774  -15.000   -9.500   -9.500    0.312    0.949    1.053    1.053
            0.000000  0.000000 -1.480913
  -20.798  -14.957   -9.542   -9.542    0.270    0.905    1.009    1.009
            0.000000  0.000000 -1.441941
  -20.822  -14.914   -9.582   -9.582    0.229    0.862    0.967    0.967
            0.000000  0.000000 -1.402970
  -20.845  -14.871   -9.621   -9.621    0.190    0.821    0.925    0.925
            0.000000  0.000000 -1.363998
  -20.868  -14.830   -9.659   -9.659    0.151    0.781    0.885    0.885
            0.000000  0.000000 -1.325027
  -20.889  -14.789   -9.696   -9.696    0.114    0.742    0.845    0.845
            0.000000  0.000000 -1.286056
  -20.911  -14.750   -9.732   -9.732    0.077    0.704    0.807    0.807
            0.000000  0.000000 -1.247084
  -20.931  -14.711   -9.767   -9.767    0.042    0.667    0.770    0.770
            0.000000  0.000000 -1.208113
  -20.951  -14.673   -9.801   -9.801    0.008    0.631    0.734    0.734
            0.000000  0.000000 -1.169141
  -20.971  -14.636   -9.834   -9.834   -0.025    0.596    0.699    0.699
            0.000000  0.000000 -1.130170
  -20.990  -14.600   -9.866   -9.866   -0.057    0.563    0.666    0.666
            0.000000  0.000000 -1.091199
  -21.008  -14.565   -9.896   -9.896   -0.088    0.531    0.633    0.633
            0.000000  0.000000 -1.052227
  -21.025  -14.531   -9.926   -9.926   -0.118    0.499    0.602    0.602
            0.000000  0.000000 -1.013256
  -21.042  -14.498   -9.954   -9.954   -0.147    0.469    0.572    0.572
            0.000000  0.000000 -0.974285
  -21.059  -14.466   -9.982   -9.982   -0.175    0.440    0.543    0.543
            0.000000  0.000000 -0.935313
  -21.074  -14.435  -10.008  -10.008   -0.202    0.412    0.515    0.515
            0.000000  0.000000 -0.896342
  -21.089  -14.405  -10.034  -10.034   -0.227    0.386    0.488    0.488
            0.000000  0.000000 -0.857370
  -21.104  -14.376  -10.058  -10.058   -0.252    0.360    0.462    0.462
            0.000000  0.000000 -0.818399
  -21.118  -14.348  -10.081  -10.081   -0.275    0.336    0.438    0.438
            0.000000  0.000000 -0.779428
  -21.131  -14.322  -10.103  -10.103   -0.298    0.313    0.414    0.414
            0.000000  0.000000 -0.740456
  -21.143  -14.297  -10.124  -10.124   -0.319    0.291    0.392    0.392
            0.000000  0.000000 -0.701485
  -21.155  -14.272  -10.144  -10.144   -0.339    0.270    0.371    0.371
            0.000000  0.000000 -0.662514
  -21.166  -14.249  -10.163  -10.163   -0.358    0.250    0.351    0.351
            0.000000  0.000000 -0.623542
  -21.177  -14.228  -10.181  -10.181   -0.376    0.231    0.332    0.332
            0.000000  0.000000 -0.584571
  -21.187  -14.207  -10.197  -10.197   -0.393    0.213    0.315    0.315
            0.000000  0.000000 -0.545599
  -21.196  -14.188  -10.213  -10.213   -0.409    0.197    0.298    0.298
            0.000000  0.000000 -0.506628
  -21.205  -14.170  -10.227  -10.227   -0.424    0.182    0.283    0.283
            0.000000  0.000000 -0.467657
  -21.213  -14.153  -10.241  -10.241   -0.437    0.167    0.268    0.268
            0.000000  0.000000 -0.428685
  -21.220  -14.138  -10.253  -10.253   -0.450    0.154    0.255    0.255
            0.000000  0.000000 -0.389714
  -21.227  -14.123  -10.265  -10.265   -0.461    0.142    0.243    0.243
            0.000000  0.000000 -0.350742
  -21.233  -14.111  -10.275  -10.275   -0.472    0.132    0.233    0.233
            0.000000  0.000000 -0.311771
  -21.239  -14.099  -10.284  -10.284   -0.481    0.122    0.223    0.223
            0.000000  0.000000 -0.272800
  -21.244  -14.089  -10.292  -10.292   -0.489    0.114    0.214    0.214
            0.000000  0.000000 -0.233828
  -21.248  -14.080  -10.299  -10.299   -0.496    0.106    0.207    0.207
            0.000000  0.000000 -0.194857
  -21.251  -14.072  -10.305  -10.305   -0.502    0.100    0.201    0.201
            0.000000  0.000000 -0.155886
  -21.254  -14.066  -10.310  -10.310   -0.507    0.095    0.195    0.195
            0.000000  0.000000 -0.116914
  -21.257  -14.062  -10.314  -10.314   -0.511    0.091    0.191    0.191
            0.000000  0.000000 -0.077943
  -21.258  -14.058  -10.316  -10.316   -0.514    0.088    0.189    0.189
            0.000000  0.000000 -0.038971
  -21.259  -14.056  -10.318  -10.318   -0.515    0.086    0.187    0.187
            0.000000  0.000000  0.000000
  -21.260  -14.055  -10.319  -10.319   -0.516    0.086    0.186    0.186
            0.000000  0.000000  0.038971
  -21.259  -14.056  -10.318  -10.318   -0.515    0.086    0.187    0.187
            0.000000  0.000000  0.077943
  -21.258  -14.058  -10.316  -10.316   -0.514    0.088    0.189    0.189
            0.000000  0.000000  0.116914
  -21.257  -14.062  -10.314  -10.314   -0.511    0.091    0.191    0.191
            0.000000  0.000000  0.155886
  -21.254  -14.066  -10.310  -10.310   -0.507    0.095    0.195    0.195
            0.000000  0.000000  0.194857
  -21.251  -14.072  -10.305  -10.305   -0.502    0.100    0.201    0.201
            0.000000  0.000000  0.233828
  -21.248  -14.080  -10.299  -10.299   -0.496    0.106    0.207    0.207
            0.000000  0.000000  0.272800
  -21.244  -14.089  -10.292  -10.292   -0.489    0.114    0.214    0.214
            0.000000  0.000000  0.311771
  -21.239  -14.099  -10.284  -10.284   -0.481    0.122    0.223    0.223
            0.000000  0.000000  0.350742
  -21.233  -14.111  -10.275  -10.275   -0.472    0.132    0.233    0.233
            0.000000  0.000000  0.389714
  -21.227  -14.123  -10.265  -10.265   -0.461    0.142    0.243    0.243
            0.000000  0.000000  0.428685
  -21.220  -14.138  -10.253  -10.253   -0.450    0.154    0.255    0.255
            0.000000  0.000000  0.467657
  -21.213  -14.153  -10.241  -10.241   -0.437    0.167    0.268    0.268
            0.000000  0.000000  0.506628
  -21.205  -14.170  -10.227  -10.227   -0.424    0.182    0.283    0.283
            0.000000  0.000000  0.545599
  -21.196  -14.188  -10.213  -10.213   -0.409    0.197    0.298    0.298
            0.000000  0.000000  0.584571
  -21.187  -14.207  -10.197  -10.197   -0.393    0.213    0.315    0.315
            0.000000  0.000000  0.623542
  -21.177  -14.228  -10.181  -10.181   -0.376    0.231    0.332    0.332
            0.000000  0.000000  0.662514
  -21.166  -14.249  -10.163  -10.163   -0.358    0.250    0.351    0.351
            0.000000  0.000000  0.701485
  -21.155  -14.272  -10.144  -10.144   -0.339    0.270    0.371    0.371
            0.000000  0.000000  0.740456
  -21.143  -14.297  -10.124  -10.124   -0.319    0.291    0.392    0.392
            0.000000  0.000000  0.779428
  -21.131  -14.322  -10.103  -10.103   -0.298    0.313    0.414    0.414
            0.000000  0.000000  0.818399
  -21.118  -14.348  -10.081  -10.081   -0.275    0.336    0.438    0.438
            0.000000  0.000000  0.857370
  -21.104  -14.376  -10.058  -10.058   -0.252    0.360    0.462    0.462
            0.000000  0.000000  0.896342
  -21.089  -14.405  -10.034  -10.034   -0.227    0.386    0.488    0.488
            0.000000  0.000000  0.935313
  -21.074  -14.435  -10.008  -10.008   -0.202    0.412    0.515    0.515
            0.000000  0.000000  0.974285
  -21.059  -14.466   -9.982   -9.982   -0.175    0.440    0.543    0.543
            0.000000  0.000000  1.013256
  -21.042  -14.498   -9.954   -9.954   -0.147    0.469    0.572    0.572
            0.000000  0.000000  1.052227
  -21.025  -14.531   -9.926   -9.926   -0.118    0.499    0.602    0.602
            0.000000  0.000000  1.091199
  -21.008  -14.565   -9.896   -9.896   -0.088    0.531    0.633    0.633
            0.000000  0.000000  1.130170
  -20.990  -14.600   -9.866   -9.866   -0.057    0.563    0.666    0.666
            0.000000  0.000000  1.169141
  -20.971  -14.636   -9.834   -9.834   -0.025    0.596    0.699    0.699
            0.000000  0.000000  1.208113
  -20.951  -14.673   -9.801   -9.801    0.008    0.631    0.734    0.734
            0.000000  0.000000  1.247084
  -20.931  -14.711   -9.767   -9.767    0.042    0.667    0.770    0.770
            0.000000  0.000000  1.286056
  -20.911  -14.750   -9.732   -9.732    0.077    0.704    0.807    0.807
            0.000000  0.000000  1.325027
  -20.889  -14.789   -9.696   -9.696    0.114    0.742    0.845    0.845
            0.000000  0.000000  1.363998
  -20.868  -14.830   -9.659   -9.659    0.151    0.781    0.885    0.885
            0.000000  0.000000  1.402970
  -20.845  -14.871   -9.621   -9.621    0.190    0.821    0.925    0.925
            0.000000  0.000000  1.441941
  -20.822  -14.914   -9.582   -9.582    0.229    0.862    0.967    0.967
            0.000000  0.000000  1.480913
  -20.798  -14.957   -9.542   -9.542    0.270    0.905    1.009    1.009
            0.000000  0.000000  1.519884
  -20.774  -15.000   -9.500   -9.500    0.312    0.949    1.053    1.053
            0.000000  0.000000  1.558855
  -20.749  -15.045   -9.458   -9.458    0.355    0.993    1.098    1.098
            0.000000  0.000000  1.597827
  -20.724  -15.090   -9.415   -9.415    0.398    1.039    1.144    1.144
            0.000000  0.000000  1.636798
  -20.697  -15.136   -9.370   -9.370    0.443    1.086    1.192    1.192
            0.000000  0.000000  1.675769
  -20.671  -15.182   -9.324   -9.324    0.489    1.135    1.240    1.240
            0.000000  0.000000  1.714741
  -20.644  -15.230   -9.278   -9.278    0.536    1.184    1.289    1.289
            0.000000  0.000000  1.753712
  -20.616  -15.277   -9.230   -9.230    0.584    1.234    1.340    1.340
            0.000000  0.000000  1.792684
  -20.587  -15.326   -9.181   -9.181    0.634    1.286    1.391    1.391
            0.000000  0.000000  1.831655
  -20.558  -15.375   -9.132   -9.132    0.684    1.339    1.441    1.441
            0.000000  0.000000  1.870626
  -20.529  -15.424   -9.081   -9.081    0.735    1.393    1.452    1.452
            0.000000  0.000000  1.909598
  -20.498  -15.474   -9.029   -9.029    0.787    1.327    1.327    1.448
            0.000000  0.000000  1.948569
  -20.468  -15.525   -8.976   -8.976    0.840    1.192    1.192    1.504
            0.000000  0.000000  1.987541
  -20.436  -15.576   -8.922   -8.922    0.895    1.056    1.056    1.561
            0.000000  0.000000  2.026512
  -20.405  -15.627   -8.867   -8.867    0.920    0.920    0.950    1.620
            0.000000  0.000000  2.065483
  -20.372  -15.679   -8.811   -8.811    0.784    0.784    1.007    1.679
            0.000000  0.000000  2.104455
  -20.339  -15.732   -8.753   -8.753    0.648    0.648    1.064    1.740
            0.000000  0.000000  2.143426
  -20.306  -15.784   -8.695   -8.695    0.512    0.512    1.122    1.802
            0.000000  0.000000  2.182397
  -20.272  -15.838   -8.636   -8.636    0.376    0.376    1.182    1.864
            0.000000  0.000000  2.221369
  -20.237  -15.891   -8.576   -8.576    0.241    0.241    1.242    1.929
            0.000000  0.000000  2.260340
  -20.202  -15.945   -8.514   -8.514    0.106    0.106    1.304    1.994
            0.000000  0.000000  2.299312
  -20.166  -15.999   -8.452   -8.452   -0.028   -0.028    1.366    2.060
            0.000000  0.000000  2.338283
  -20.130  -16.053   -8.388   -8.388   -0.163   -0.163    1.430    2.128
            0.000000  0.000000  2.377254
  -20.093  -16.108   -8.324   -8.324   -0.296   -0.296    1.494    2.196
            0.000000  0.000000  2.416226
  -20.056  -16.163   -8.259   -8.259   -0.430   -0.430    1.560    2.266
            0.000000  0.000000  2.455197
  -20.018  -16.218   -8.192   -8.192   -0.562   -0.562    1.626    2.337
            0.000000  0.000000  2.494169
  -19.980  -16.274   -8.124   -8.124   -0.695   -0.695    1.694    2.409
            0.000000  0.000000  2.533140
  -19.941  -16.329   -8.056   -8.056   -0.826   -0.826    1.762    2.482
            0.000000  0.000000  2.572111
  -19.902  -16.385   -7.986   -7.986   -0.957   -0.957    1.831    2.556
            0.000000  0.000000  2.611083
  -19.862  -16.441   -7.916   -7.916   -1.088   -1.088    1.902    2.631
            0.000000  0.000000  2.650054
  -19.822  -16.497   -7.844   -7.844   -1.218   -1.218    1.973    2.708
            0.000000  0.000000  2.689025
  -19.781  -16.553   -7.771   -7.771   -1.347   -1.347    2.045    2.786
            0.000000  0.000000  2.727997
  -19.739  -16.609   -7.698   -7.698   -1.476   -1.476    2.118    2.864
            0.000000  0.000000  2.766968
  -19.698  -16.666   -7.623   -7.623   -1.604   -1.604    2.192    2.944
            0.000000  0.000000  2.805940
  -19.656  -16.722   -7.548   -7.548   -1.731   -1.731    2.267    3.025
            0.000000  0.000000  2.844911
  -19.613  -16.779   -7.471   -7.471   -1.858   -1.858    2.343    3.107
            0.000000  0.000000  2.883882
  -19.570  -16.835   -7.393   -7.393   -1.984   -1.984    2.419    3.191
            0.000000  0.000000  2.922854
  -19.526  -16.892   -7.315   -7.315   -2.109   -2.109    2.497    3.275
            0.000000  0.000000  2.961825
  -19.482  -16.948   -7.235   -7.235   -2.233   -2.233    2.575    3.361
            0.000000  0.000000  3.000796
  -19.438  -17.005   -7.155   -7.155   -2.357   -2.357    2.654    3.447
            0.000000  0.000000  3.039768
  -19.393  -17.062   -7.073   -7.073   -2.479   -2.479    2.734    3.535
            0.000000  0.000000  3.078739
  -19.348  -17.118   -6.991   -6.991   -2.601   -2.601    2.815    3.624
            0.000000  0.000000  3.117711
  -19.302  -17.174   -6.907   -6.907   -2.722   -2.722    2.897    3.714
            0.000000  0.000000  3.156682
  -19.256  -17.231   -6.823   -6.823   -2.843   -2.843    2.979    3.805
            0.000000  0.000000  3.195653
  -19.209  -17.287   -6.738   -6.738   -2.962   -2.962    3.062    3.897
            0.000000  0.000000  3.234625
  -19.163  -17.343   -6.651   -6.651   -3.080   -3.080    3.146    3.991
            0.000000  0.000000  3.273596
  -19.116  -17.399   -6.564   -6.564   -3.198   -3.198    3.230    4.085
            0.000000  0.000000  3.312568
  -19.068  -17.455   -6.477   -6.477   -3.314   -3.314    3.315    4.181
            0.000000  0.000000  3.351539
  -19.020  -17.510   -6.388   -6.388   -3.430   -3.430    3.401    4.278
            0.000000  0.000000  3.390510
  -18.972  -17.566   -6.299   -6.299   -3.544   -3.544    3.487    4.375
            0.000000  0.000000  3.429482
  -18.924  -17.621   -6.209   -6.209   -3.658   -3.658    3.573    4.474
            0.000000  0.000000  3.468453
  -18.876  -17.675   -6.118   -6.118   -3.770   -3.770    3.661    4.574
            0.000000  0.000000  3.507424
  -18.827  -17.730   -6.027   -6.027   -3.880   -3.880    3.748    4.675
            0.000000  0.000000  3.546396
  -18.778  -17.783   -5.935   -5.935   -3.990   -3.990    3.836    4.778
            0.000000  0.000000  3.585367
  -18.730  -17.837   -5.843   -5.843   -4.097   -4.097    3.924    4.881
            0.000000  0.000000  3.624339
  -18.681  -17.889   -5.752   -5.752   -4.203   -4.203    4.012    4.985
            0.000000  0.000000  3.663310
  -18.633  -17.941   -5.661   -5.661   -4.306   -4.306    4.101    5.087
            0.000000  0.000000  3.702281
  -18.586  -17.991   -5.571   -5.571   -4.406   -4.406    4.189    5.086
            0.000000  0.000000  3.741253
  -18.541  -18.038   -5.485   -5.485   -4.501   -4.501    4.276    5.005
            0.000000  0.000000  3.780224
  -18.499  -18.083   -5.404   -5.404   -4.588   -4.588    4.362    4.922
            0.000000  0.000000  3.819196
  -18.462  -18.121   -5.333   -5.333   -4.663   -4.663    4.446    4.841
            0.000000  0.000000  3.858167
  -18.435  -18.149   -5.282   -5.282   -4.718   -4.718    4.519    4.769
            0.000000  0.000000  3.897138
  -18.425  -18.159   -5.262   -5.262   -4.738   -4.738    4.557    4.732
